
    uint256[][] SCHEDULE_AMOUNT =  [
        [
            3600000000000000,               0,               0,
                        0,               0,               0,
                        0,               0,               0,
                        0,               0,               0,
                        0, 600000000000000, 600000000000000,
            600000000000000, 600000000000000, 600000000000000,
            600000000000000, 600000000000000, 600000000000000,
            600000000000000, 600000000000000, 600000000000000,
            600000000000000, 600000000000000, 600000000000000,
            600000000000000, 600000000000000, 600000000000000,
            600000000000000, 600000000000000, 600000000000000,
            600000000000000, 600000000000000, 600000000000000,
            600000000000000,               0,               0,
                        0,               0,               0,
                        0,               0,               0,
                        0,               0,               0,
                        0
        ],
        [
            1350000000000000, 534375000000000, 534375000000000,
            534375000000000, 534375000000000, 534375000000000,
            534375000000000, 534375000000000, 534375000000000,
            534375000000000, 534375000000000, 534375000000000,
            534375000000000, 534375000000000, 534375000000000,
            534375000000000, 534375000000000, 534375000000000,
            534375000000000, 534375000000000, 534375000000000,
            534375000000000, 534375000000000, 534375000000000,
            534375000000000, 534375000000000, 534375000000000,
            534375000000000, 534375000000000, 534375000000000,
            534375000000000, 534375000000000, 534375000000000,
            534375000000000, 534375000000000, 534375000000000,
            534375000000000, 534375000000000, 534375000000000,
            534375000000000, 534375000000000, 534375000000000,
            534375000000000, 534375000000000, 534375000000000,
            534375000000000, 534375000000000, 534375000000000,
            534375000000000
        ],
        [
                        0,                0,                0,
                        0,                0,                0,
                        0,                0,                0,
                        0,                0, 1875000000000000,
            1875000000000000, 1875000000000000, 1875000000000000,
            1875000000000000, 1875000000000000, 1875000000000000,
            1875000000000000, 1875000000000000, 1875000000000000,
            1875000000000000, 1875000000000000, 1875000000000000,
            1875000000000000, 1875000000000000, 1875000000000000,
            1875000000000000, 1875000000000000, 1875000000000000,
            1875000000000000, 1875000000000000, 1875000000000000,
            1875000000000000, 1875000000000000,                0,
                        0,                0,                0,
                        0,                0,                0,
                        0,                0,                0,
                        0,                0,                0,
                        0
        ],
        [
            7950000000000000, 3146875000000000, 3146875000000000,
            3146875000000000, 3146875000000000, 3146875000000000,
            3146875000000000, 3146875000000000, 3146875000000000,
            3146875000000000, 3146875000000000, 3146875000000000,
            3146875000000000, 3146875000000000, 3146875000000000,
            3146875000000000, 3146875000000000, 3146875000000000,
            3146875000000000, 3146875000000000, 3146875000000000,
            3146875000000000, 3146875000000000, 3146875000000000,
            3146875000000000, 3146875000000000, 3146875000000000,
            3146875000000000, 3146875000000000, 3146875000000000,
            3146875000000000, 3146875000000000, 3146875000000000,
            3146875000000000, 3146875000000000, 3146875000000000,
            3146875000000000, 3146875000000000, 3146875000000000,
            3146875000000000, 3146875000000000, 3146875000000000,
            3146875000000000, 3146875000000000, 3146875000000000,
            3146875000000000, 3146875000000000, 3146875000000000,
            3146875000000000
        ],
        [
            1500000000000000, 0, 0,
                        0, 0, 0,
            1500000000000000, 0, 0,
                        0, 0, 0,
                        0, 0, 0,
                        0, 0, 0,
                        0, 0, 0,
                        0, 0, 0,
                        0, 0, 0,
                        0, 0, 0,
                        0, 0, 0,
                        0, 0, 0,
                        0, 0, 0,
                        0, 0, 0,
                        0, 0, 0,
                        0, 0, 0,
                        0
        ],
        [
                        0,                0,                0,
                        0,                0,                0,
                        0,                0,                0,
                        0,                0,                0,
                        0, 1250000000000000, 1250000000000000,
            1250000000000000, 1250000000000000, 1250000000000000,
            1250000000000000, 1250000000000000, 1250000000000000,
            1250000000000000, 1250000000000000, 1250000000000000,
            1250000000000000, 1250000000000000, 1250000000000000,
            1250000000000000, 1250000000000000, 1250000000000000,
            1250000000000000, 1250000000000000, 1250000000000000,
            1250000000000000, 1250000000000000, 1250000000000000,
            1250000000000000,                0,                0,
                        0,                0,                0,
                        0,                0,                0,
                        0,                0,                0,
                        0
        ],
        [
            900000000000000, 356250000000000, 356250000000000,
            356250000000000, 356250000000000, 356250000000000,
            356250000000000, 356250000000000, 356250000000000,
            356250000000000, 356250000000000, 356250000000000,
            356250000000000, 356250000000000, 356250000000000,
            356250000000000, 356250000000000, 356250000000000,
            356250000000000, 356250000000000, 356250000000000,
            356250000000000, 356250000000000, 356250000000000,
            356250000000000, 356250000000000, 356250000000000,
            356250000000000, 356250000000000, 356250000000000,
            356250000000000, 356250000000000, 356250000000000,
            356250000000000, 356250000000000, 356250000000000,
            356250000000000, 356250000000000, 356250000000000,
            356250000000000, 356250000000000, 356250000000000,
            356250000000000, 356250000000000, 356250000000000,
            356250000000000, 356250000000000, 356250000000000,
            356250000000000
        ]
    ];